3052	0
2110	1
1539	2
2831	3
3943	4
1332	5
2323	6
1385	7
3676	8
Vince_McMahon	9
1618	10
310	11
907	12
1792	13
3578	14
1406	15
3010	16
2265	17
3880	18
5060	19
5167	20
2705	21
5229	22
1744	23
2327	24
3474	25
4508	26
5039	27
1874	28
2452	29
471	30
853	31
3250	32
3694	33
2091	34
1680	35
3791	36
4042	37
4901	38
1248	39
2245	40
4312	41
128	42
281	43
2819	44
4093	45
4818	46
4092	47
750	48
1191	49
3073	50
58	51
4961	52
3753	53
5190	54
4919	55
3404	56
1835	57
4273	58
5137	59
78	60
2640	61
5016	62
2359	63
4733	64
3381	65
2848	66
294	67
2973	68
4580	69
3960	70
1392	71
2142	72
2751	73
380	74
266	75
5083	76
3497	77
4769	78
1831	79
3962	80
5014	81
428	82
3826	83
1598	84
2822	85
3251	86
2140	87
2588	88
4199	89
2152	90
5258	91
4162	92
4152	93
3168	94
134	95
2624	96
4287	97
4807	98
389	99
1759	100
1733	101
1798	102
1478	103
3325	104
3288	105
3209	106
3944	107
2679	108
845	109
2136	110
5002	111
948	112
4979	113
1988	114
2843	115
8	116
37	117
2421	118
4290	119
2514	120
2706	121
5055	122
2302	123
2393	124
2858	125
3175	126
1780	127
3814	128
2775	129
5010	130
3235	131
167	132
2981	133
3196	134
1434	135
4852	136
2551	137
1528	138
1115	139
2088	140
2960	141
785	142
4078	143
1710	144
636	145
2304	146
4863	147
5118	148
4318	149
2117	150
1329	151
1756	152
1980	153
4205	154
2554	155
3772	156
5067	157
4224	158
3351	159
1342	160
3857	161
179	162
1165	163
292	164
3056	165
1670	166
1530	167
4609	168
2131	169
3566	170
1559	171
4424	172
2800	173
4565	174
1352	175
1799	176
1938	177
2653	178
3485	179
1564	180
1913	181
1486	182
4471	183
951	184
700	185
5063	186
3985	187
3636	188
2771	189
3492	190
1307	191
3711	192
2845	193
1103	194
1210	195
586	196
5129	197
1880	198
1995	199
3558	200
786	201
551	202
2372	203
4388	204
4053	205
1403	206
5259	207
1493	208
964	209
3313	210
3179	211
2181	212
2605	213
3094	214
645	215
218	216
1356	217
2212	218
2864	219
4402	220
1678	221
3303	222
5103	223
97	224
2251	225
3993	226
4118	227
2912	228
5024	229
4742	230
3542	231
1820	232
1929	233
3091	234
4333	235
1966	236
5101	237
3339	238
2447	239
1630	240
4692	241
1788	242
2239	243
4703	244
171	245
371	246
3118	247
2909	248
1363	249
3060	250
3137	251
113	252
3329	253
5253	254
3292	255
4026	256
541	257
961	258
3539	259
3850	260
382	261
563	262
3099	263
3366	264
3981	265
5279	266
89	267
2567	268
846	269
1090	270
2963	271
4032	272
4187	273
2737	274
topic_7	275
4597	276
4861	277
66	278
4486	279
4512	280
1162	281
1882	282
1915	283
4007	284
598	285
4000	286
3757	287
152	288
1389	289
2267	290
3410	291
2402	292
1046	293
835	294
4079	295
2794	296
3275	297
590	298
2695	299
3861	300
2306	301
1859	302
4517	303
119	304
1945	305
3038	306
3886	307
4495	308
5073	309
1382	310
3774	311
1153	312
4277	313
4928	314
3845	315
3802	316
425	317
3076	318
2578	319
4308	320
2818	321
4173	322
720	323
3972	324
2511	325
870	326
421	327
230	328
3280	329
3601	330
4935	331
2381	332
866	333
2944	334
3581	335
4382	336
3434	337
3788	338
3660	339
3443	340
2211	341
669	342
916	343
1200	344
2266	345
4592	346
3027	347
4345	348
211	349
1808	350
3946	351
4653	352
3723	353
2200	354
1904	355
3644	356
3720	357
929	358
2537	359
3664	360
4065	361
3460	362
3755	363
1418	364
2639	365
3451	366
4498	367
3220	368
1942	369
367	370
580	371
2700	372
910	373
4468	374
2081	375
4613	376
2003	377
1500	378
437	379
2686	380
1762	381
3908	382
611	383
5128	384
2045	385
5135	386
1742	387
1459	388
640	389
540	390
5112	391
2599	392
709	393
418	394
2713	395
3516	396
4554	397
395	398
1089	399
898	400
3610	401
4895	402
4958	403
1226	404
2037	405
1477	406
4276	407
3104	408
4630	409
2827	410
1849	411
3200	412
1837	413
3037	414
3895	415
946	416
1274	417
721	418
4561	419
4265	420
2154	421
4899	422
738	423
3859	424
4213	425
2889	426
3151	427
4543	428
4820	429
3382	430
3428	431
583	432
1134	433
2717	434
1198	435
3207	436
1985	437
2363	438
2419	439
4850	440
2394	441
1741	442
1264	443
3479	444
261	445
2157	446
3506	447
2479	448
3173	449
736	450
763	451
1940	452
920	453
3737	454
847	455
1531	456
2994	457
4522	458
296	459
862	460
109	461
408	462
4718	463
4040	464
2232	465
1453	466
4128	467
1655	468
877	469
4166	470
4819	471
2894	472
1548	473
533	474
1963	475
3463	476
2379	477
1873	478
3409	479
670	480
2824	481
354	482
2918	483
1489	484
4217	485
2935	486
2748	487
2650	488
topic_3	489
2169	490
935	491
4480	492
3298	493
4054	494
4685	495
564	496
900	497
2118	498
695	499
3840	500
3064	501
4665	502
2440	503
1823	504
4061	505
4986	506
631	507
175	508
2439	509
5059	510
237	511
3611	512
1586	513
1148	514
57	515
1993	516
1504	517
2418	518
4181	519
258	520
2582	521
4159	522
4574	523
5076	524
5090	525
2683	526
358	527
1943	528
3986	529
1506	530
632	531
3049	532
3379	533
1997	534
4447	535
2465	536
412	537
3373	538
4227	539
2778	540
3838	541
2080	542
5162	543
3875	544
4178	545
1841	546
2313	547
3109	548
330	549
3700	550
3129	551
4641	552
4084	553
4913	554
4488	555
1039	556
2224	557
4501	558
68	559
4856	560
3167	561
1040	562
3915	563
1634	564
3103	565
2793	566
4967	567
2871	568
4603	569
3282	570
3291	571
3738	572
3425	573
610	574
5105	575
1447	576
4725	577
4587	578
4834	579
2548	580
1602	581
3893	582
1919	583
3618	584
4648	585
2029	586
1826	587
4404	588
633	589
782	590
73	591
1969	592
4566	593
4067	594
1625	595
800	596
3560	597
1037	598
2854	599
1003	600
5285	601
3911	602
4560	603
5173	604
4753	605
2129	606
4758	607
99	608
2336	609
593	610
732	611
1846	612
3450	613
739	614
3353	615
4270	616
1860	617
2817	618
2461	619
409	620
1002	621
3210	622
5214	623
639	624
2740	625
116	626
2598	627
4937	628
3713	629
4279	630
1508	631
2760	632
2171	633
947	634
497	635
1974	636
3883	637
3899	638
4485	639
352	640
3184	641
4107	642
4225	643
4810	644
1211	645
1842	646
325	647
2806	648
4171	649
2990	650
592	651
1104	652
2099	653
1304	654
547	655
1204	656
1996	657
269	658
4384	659
1949	660
4100	661
5270	662
1981	663
3024	664
2553	665
398	666
4634	667
55	668
5054	669
4924	670
1316	671
4183	672
3222	673
635	674
3401	675
1554	676
537	677
1499	678
1168	679
3393	680
1008	681
271	682
2072	683
2863	684
3075	685
3277	686
1010	687
3612	688
746	689
2100	690
3178	691
1166	692
417	693
1871	694
567	695
3087	696
1398	697
1595	698
2061	699
4257	700
2242	701
2247	702
3218	703
4150	704
4751	705
4058	706
1245	707
2105	708
4593	709
3882	710
4467	711
1563	712
680	713
3555	714
1133	715
614	716
3758	717
375	718
2176	719
3923	720
2092	721
5238	722
3254	723
1960	724
1234	725
1417	726
6	727
18	728
3239	729
1276	730
2104	731
162	732
3191	733
875	734
2431	735
1338	736
291	737
2413	738
792	739
2444	740
4458	741
356	742
3847	743
996	744
4198	745
5142	746
405	747
4556	748
627	749
3041	750
4858	751
4519	752
2792	753
515	754
3114	755
4236	756
3213	757
2923	758
4491	759
1645	760
1550	761
2642	762
1773	763
2997	764
3130	765
4930	766
930	767
1458	768
3135	769
3342	770
4151	771
4581	772
402	773
4615	774
2977	775
1643	776
3003	777
3230	778
4572	779
1737	780
4476	781
2922	782
283	783
3367	784
4411	785
1856	786
3059	787
4558	788
1312	789
1440	790
1183	791
4744	792
2351	793
1722	794
5061	795
671	796
3731	797
3884	798
3223	799
4493	800
4284	801
4607	802
2730	803
3012	804
4847	805
4929	806
5180	807
341	808
2835	809
2948	810
4917	811
1373	812
4697	813
2316	814
2544	815
3332	816
5197	817
3648	818
3446	819
3813	820
4356	821
4487	822
1844	823
3719	824
3742	825
4922	826
2328	827
1081	828
1407	829
904	830
4357	831
235	832
5143	833
4575	834
1633	835
1922	836
264	837
3160	838
4148	839
195	840
4294	841
5265	842
4569	843
4995	844
5045	845
3811	846
2193	847
5262	848
4756	849
2972	850
4280	851
2638	852
4371	853
3110	854
420	855
1495	856
2189	857
1802	858
4841	859
5099	860
1319	861
4759	862
5240	863
5184	864
1876	865
4419	866
3777	867
3853	868
543	869
72	870
2114	871
2829	872
4056	873
1727	874
1930	875
1175	876
3000	877
1220	878
1388	879
2010	880
1753	881
3874	882
2217	883
3846	884
3113	885
813	886
3026	887
3166	888
4185	889
topic_14	890
4385	891
2961	892
4822	893
1497	894
1777	895
1571	896
3490	897
2390	898
4194	899
4969	900
3426	901
284	902
4332	903
4643	904
1419	905
4788	906
4418	907
4527	908
345	909
5176	910
1877	911
1834	912
2031	913
110	914
15	915
1487	916
3140	917
2804	918
5108	919
924	920
5166	921
3234	922
4539	923
4459	924
474	925
4060	926
4167	927
1014	928
4679	929
250	930
98	931
2607	932
4921	933
529	934
742	935
1764	936
1682	937
576	938
1665	939
4722	940
108	941
4035	942
2543	943
1689	944
202	945
4621	946
2742	947
4369	948
2	949
884	950
4249	951
4614	952
865	953
4081	954
4636	955
2678	956
2676	957
3147	958
4551	959
3391	960
5012	961
3050	962
1032	963
1266	964
3842	965
3997	966
820	967
1250	968
4247	969
4111	970
3638	971
3491	972
164	973
4477	974
5266	975
4322	976
2007	977
307	978
3172	979
301	980
1785	981
3383	982
3974	983
1676	984
594	985
2651	986
2681	987
2874	988
3754	989
4355	990
1361	991
1042	992
954	993
2729	994
3199	995
4568	996
1651	997
2865	998
45	999
3865	1000
1898	1001
3018	1002
5030	1003
3817	1004
2417	1005
2487	1006
3622	1007
4216	1008
5183	1009
4440	1010
1916	1011
1708	1012
4787	1013
3486	1014
440	1015
3727	1016
2111	1017
4220	1018
1624	1019
4174	1020
4291	1021
41	1022
974	1023
2234	1024
1884	1025
4413	1026
4421	1027
3170	1028
532	1029
2703	1030
5001	1031
4954	1032
3475	1033
4020	1034
5074	1035
1129	1036
2297	1037
4327	1038
4017	1039
2332	1040
3800	1041
2255	1042
4301	1043
3231	1044
811	1045
1247	1046
126	1047
285	1048
3623	1049
4836	1050
4283	1051
1041	1052
3464	1053
2241	1054
4396	1055
982	1056
925	1057
1227	1058
4120	1059
5284	1060
5242	1061
2484	1062
3635	1063
106	1064
2284	1065
1182	1066
3476	1067
3101	1068
3567	1069
1288	1070
2252	1071
3163	1072
4985	1073
1354	1074
3136	1075
193	1076
2539	1077
1461	1078
3249	1079
1750	1080
4811	1081
4515	1082
2002	1083
4955	1084
3431	1085
2160	1086
2305	1087
148	1088
2936	1089
5245	1090
809	1091
5122	1092
1889	1093
3242	1094
955	1095
3771	1096
1686	1097
4755	1098
1648	1099
2005	1100
4304	1101
760	1102
2337	1103
28	1104
5126	1105
4978	1106
776	1107
3704	1108
3770	1109
3916	1110
1787	1111
3193	1112
831	1113
5212	1114
2546	1115
3538	1116
5036	1117
772	1118
3406	1119
1062	1120
3449	1121
3805	1122
3462	1123
2194	1124
1911	1125
4145	1126
2025	1127
3296	1128
4760	1129
3408	1130
1684	1131
3053	1132
3931	1133
3820	1134
2122	1135
4206	1136
1986	1137
3522	1138
4588	1139
1190	1140
2893	1141
546	1142
2068	1143
3729	1144
3903	1145
3515	1146
2661	1147
3599	1148
1816	1149
678	1150
2555	1151
806	1152
1525	1153
94	1154
3967	1155
1868	1156
1790	1157
4874	1158
4564	1159
253	1160
373	1161
765	1162
5182	1163
2097	1164
978	1165
299	1166
77	1167
4481	1168
3773	1169
1192	1170
4915	1171
1462	1172
1265	1173
1553	1174
2693	1175
3892	1176
2153	1177
36	1178
3360	1179
4663	1180
4005	1181
3671	1182
3681	1183
1420	1184
3272	1185
448	1186
1718	1187
504	1188
1569	1189
4605	1190
4262	1191
4451	1192
867	1193
993	1194
4429	1195
5044	1196
3496	1197
1156	1198
990	1199
3217	1200
1080	1201
2185	1202
4350	1203
5194	1204
578	1205
3427	1206
64	1207
4708	1208
4770	1209
1416	1210
4602	1211
1891	1212
660	1213
4682	1214
2219	1215
4250	1216
752	1217
2530	1218
1036	1219
3619	1220
3128	1221
3832	1222
4431	1223
4585	1224
4331	1225
3876	1226
4132	1227
2432	1228
438	1229
1657	1230
3092	1231
4503	1232
4200	1233
3051	1234
1216	1235
4533	1236
76	1237
5234	1238
4776	1239
1435	1240
3374	1241
4344	1242
3956	1243
5277	1244
1935	1245
1082	1246
3602	1247
4571	1248
3009	1249
442	1250
3909	1251
2050	1252
5147	1253
4809	1254
355	1255
4027	1256
322	1257
1869	1258
4201	1259
3188	1260
972	1261
4453	1262
3183	1263
784	1264
458	1265
1372	1266
2076	1267
4635	1268
3594	1269
950	1270
4884	1271
The_Undertaker	1272
4823	1273
1244	1274
868	1275
3512	1276
4237	1277
4739	1278
1219	1279
4897	1280
1075	1281
1925	1282
735	1283
3891	1284
2660	1285
1423	1286
3030	1287
525	1288
1526	1289
305	1290
3058	1291
2570	1292
1621	1293
2876	1294
441	1295
2714	1296
1629	1297
3701	1298
360	1299
2772	1300
1688	1301
5226	1302
2270	1303
2761	1304
749	1305
472	1306
1087	1307
659	1308
4668	1309
1158	1310
2907	1311
4233	1312
4782	1313
3550	1314
1580	1315
3035	1316
4553	1317
3912	1318
2078	1319
2367	1320
1517	1321
1870	1322
3836	1323
4907	1324
1310	1325
3204	1326
973	1327
4125	1328
2929	1329
229	1330
1172	1331
3459	1332
2366	1333
4851	1334
5250	1335
1001	1336
836	1337
168	1338
526	1339
2668	1340
3872	1341
3015	1342
1612	1343
2389	1344
4401	1345
4835	1346
4717	1347
3650	1348
436	1349
39	1350
3238	1351
2654	1352
2315	1353
2087	1354
1772	1355
topic_2	1356
1413	1357
1422	1358
552	1359
2051	1360
3752	1361
2583	1362
4544	1363
3640	1364
569	1365
3951	1366
1983	1367
5106	1368
1348	1369
4984	1370
1015	1371
4363	1372
4484	1373
3265	1374
4655	1375
5179	1376
5175	1377
1547	1378
221	1379
3455	1380
560	1381
2269	1382
2765	1383
980	1384
2982	1385
3624	1386
3580	1387
1781	1388
3526	1389
1667	1390
3854	1391
1472	1392
871	1393
1944	1394
3724	1395
3569	1396
1853	1397
747	1398
1637	1399
2290	1400
4033	1401
4450	1402
1205	1403
4801	1404
4215	1405
1294	1406
4886	1407
1714	1408
1977	1409
3074	1410
4973	1411
5241	1412
4319	1413
1907	1414
3668	1415
4391	1416
1519	1417
2516	1418
1479	1419
4354	1420
2753	1421
679	1422
5020	1423
970	1424
Survivalism	1425
1524	1426
4066	1427
4507	1428
2657	1429
5009	1430
2885	1431
3337	1432
1606	1433
1659	1434
4049	1435
5164	1436
4590	1437
290	1438
4285	1439
2732	1440
2754	1441
3377	1442
3437	1443
4041	1444
2057	1445
1231	1446
2545	1447
3544	1448
1642	1449
2910	1450
1513	1451
2895	1452
2576	1453
62	1454
4761	1455
3307	1456
2762	1457
1052	1458
3418	1459
4358	1460
634	1461
4546	1462
1136	1463
5070	1464
5038	1465
3639	1466
1375	1467
3511	1468
3314	1469
518	1470
4579	1471
1184	1472
374	1473
25	1474
1072	1475
4509	1476
3585	1477
1794	1478
2590	1479
4931	1480
4745	1481
1400	1482
2356	1483
1829	1484
4427	1485
4689	1486
1890	1487
545	1488
4869	1489
4981	1490
2735	1491
4393	1492
708	1493
3982	1494
2039	1495
2246	1496
3725	1497
1778	1498
1144	1499
4778	1500
3061	1501
2849	1502
188	1503
663	1504
1258	1505
3445	1506
1824	1507
4014	1508
4432	1509
2468	1510
3212	1511
4843	1512
4997	1513
1557	1514
3964	1515
3936	1516
1562	1517
1197	1518
957	1519
3165	1520
2119	1521
4754	1522
1208	1523
3369	1524
4109	1525
2623	1526
3969	1527
4409	1528
1350	1529
220	1530
2107	1531
3748	1532
1085	1533
2396	1534
2384	1535
4677	1536
1848	1537
5062	1538
4628	1539
2625	1540
4438	1541
422	1542
740	1543
550	1544
2077	1545
4037	1546
2632	1547
986	1548
333	1549
2491	1550
1770	1551
3572	1552
3698	1553
991	1554
3763	1555
604	1556
1987	1557
1475	1558
1123	1559
1793	1560
3392	1561
4953	1562
4272	1563
2636	1564
3605	1565
2617	1566
3194	1567
4114	1568
3632	1569
5042	1570
4112	1571
2702	1572
4933	1573
222	1574
2392	1575
4747	1576
5004	1577
135	1578
1740	1579
3918	1580
741	1581
4310	1582
1424	1583
2869	1584
2573	1585
201	1586
2802	1587
4545	1588
1399	1589
1845	1590
1284	1591
3299	1592
3824	1593
2839	1594
936	1595
1386	1596
2235	1597
3904	1598
2656	1599
3952	1600
2471	1601
2123	1602
85	1603
3214	1604
4729	1605
2162	1606
2580	1607
4168	1608
3514	1609
3244	1610
1023	1611
3480	1612
3670	1613
4691	1614
1066	1615
1236	1616
2498	1617
2957	1618
282	1619
2095	1620
4050	1621
492	1622
985	1623
1596	1624
2144	1625
4121	1626
2600	1627
4707	1628
2524	1629
505	1630
4894	1631
2485	1632
125	1633
4686	1634
1444	1635
5280	1636
3424	1637
5043	1638
3691	1639
999	1640
3133	1641
4670	1642
3442	1643
4457	1644
3657	1645
287	1646
718	1647
2074	1648
2032	1649
2319	1650
3822	1651
3953	1652
797	1653
3818	1654
4370	1655
4618	1656
2477	1657
3860	1658
2382	1659
2343	1660
1177	1661
783	1662
2256	1663
3686	1664
3407	1665
2813	1666
5230	1667
1402	1668
2055	1669
568	1670
2027	1671
2796	1672
3792	1673
4012	1674
2931	1675
1213	1676
1465	1677
5235	1678
787	1679
2712	1680
1111	1681
1828	1682
2719	1683
1163	1684
878	1685
4538	1686
1193	1687
5000	1688
4514	1689
3699	1690
2774	1691
3983	1692
4305	1693
2495	1694
4446	1695
4999	1696
4023	1697
3439	1698
1311	1699
255	1700
1908	1701
4338	1702
4186	1703
3722	1704
4794	1705
2685	1706
2927	1707
2279	1708
3440	1709
430	1710
2442	1711
728	1712
1990	1713
1097	1714
2494	1715
2816	1716
5127	1717
1181	1718
2549	1719
225	1720
1289	1721
5077	1722
4182	1723
1189	1724
1393	1725
2853	1726
3935	1727
1632	1728
5069	1729
4153	1730
151	1731
754	1732
4793	1733
388	1734
5120	1735
4908	1736
3278	1737
612	1738
1796	1739
2875	1740
4975	1741
2734	1742
4831	1743
2133	1744
3827	1745
2996	1746
1076	1747
3513	1748
1295	1749
5163	1750
3787	1751
123	1752
160	1753
1698	1754
3977	1755
3045	1756
1154	1757
3372	1758
2483	1759
3728	1760
4286	1761
4785	1762
1805	1763
1027	1764
2585	1765
2475	1766
2274	1767
5087	1768
461	1769
4423	1770
692	1771
169	1772
2789	1773
498	1774
1025	1775
5003	1776
3603	1777
4991	1778
2591	1779
1241	1780
4445	1781
4713	1782
1353	1783
2149	1784
4612	1785
1473	1786
764	1787
4957	1788
3924	1789
5096	1790
534	1791
3320	1792
556	1793
3733	1794
1063	1795
677	1796
4821	1797
1671	1798
3631	1799
80	1800
2168	1801
2727	1802
3279	1803
3423	1804
2448	1805
694	1806
500	1807
90	1808
4577	1809
2899	1810
4105	1811
2000	1812
2941	1813
1522	1814
4441	1815
2333	1816
1886	1817
1879	1818
4229	1819
1850	1820
416	1821
2254	1822
1928	1823
465	1824
535	1825
381	1826
4888	1827
1567	1828
5140	1829
2423	1830
577	1831
485	1832
5273	1833
854	1834
11	1835
4046	1836
3062	1837
2574	1838
1991	1839
1613	1840
4126	1841
3627	1842
1549	1843
2803	1844
3363	1845
3655	1846
2527	1847
4337	1848
4632	1849
5149	1850
279	1851
2259	1852
4340	1853
3225	1854
4805	1855
185	1856
542	1857
2066	1858
5154	1859
4808	1860
2296	1861
3388	1862
932	1863
2903	1864
1912	1865
2208	1866
1581	1867
2535	1868
2596	1869
685	1870
1343	1871
111	1872
387	1873
3334	1874
1494	1875
1149	1876
3976	1877
822	1878
690	1879
688	1880
803	1881
557	1882
1641	1883
1203	1884
4299	1885
3495	1886
3472	1887
2294	1888
1696	1889
4057	1890
4232	1891
71	1892
364	1893
4246	1894
3793	1895
4520	1896
914	1897
872	1898
3180	1899
5198	1900
2680	1901
2791	1902
178	1903
2008	1904
3751	1905
4774	1906
562	1907
3040	1908
2195	1909
3984	1910
4658	1911
4214	1912
1196	1913
2318	1914
3919	1915
4829	1916
5041	1917
3870	1918
3348	1919
3968	1920
1278	1921
3152	1922
2720	1923
1455	1924
1608	1925
1832	1926
2369	1927
4104	1928
2063	1929
2371	1930
4639	1931
2124	1932
182	1933
2409	1934
1065	1935
2455	1936
3990	1937
2892	1938
1976	1939
3020	1940
2466	1941
4842	1942
507	1943
1178	1944
2457	1945
2575	1946
1463	1947
4149	1948
2215	1949
2089	1950
2547	1951
4878	1952
2949	1953
4271	1954
3591	1955
828	1956
4028	1957
3988	1958
190	1959
848	1960
4813	1961
5085	1962
70	1963
2299	1964
2046	1965
3524	1966
2962	1967
489	1968
5155	1969
4021	1970
2921	1971
5160	1972
1077	1973
4504	1974
2067	1975
3441	1976
1253	1977
145	1978
1242	1979
2887	1980
1958	1981
4300	1982
452	1983
3132	1984
3285	1985
2746	1986
3551	1987
4209	1988
2012	1989
1195	1990
1390	1991
1160	1992
1441	1993
4408	1994
894	1995
5095	1996
3331	1997
4712	1998
2811	1999
2022	2000
2338	2001
4086	2002
4038	2003
4654	2004
4798	2005
2354	2006
4410	2007
112	2008
2908	2009
3505	2010
1092	2011
3765	2012
5132	2013
1537	2014
899	2015
1384	2016
1454	2017
81	2018
4281	2019
4347	2020
288	2021
4694	2022
1140	2023
1143	2024
2401	2025
1240	2026
1408	2027
4637	2028
5113	2029
205	2030
1789	2031
4353	2032
616	2033
1661	2034
4683	2035
1378	2036
1341	2037
1555	2038
3057	2039
251	2040
1287	2041
3829	2042
4197	2043
2873	2044
1540	2045
2064	2046
1866	2047
4906	2048
4876	2049
4964	2050
3411	2051
5177	2052
1139	2053
909	2054
232	2055
4877	2056
43	2057
888	2058
4379	2059
2486	2060
4766	2061
650	2062
2282	2063
919	2064
1768	2065
3203	2066
3744	2067
4412	2068
2708	2069
463	2070
3667	2071
2451	2072
4359	2073
1599	2074
3333	2075
960	2076
4234	2077
2984	2078
293	2079
4461	2080
4980	2081
233	2082
1672	2083
5274	2084
3901	2085
3284	2086
2291	2087
3869	2088
2436	2089
3494	2090
2324	2091
2726	2092
2058	2093
779	2094
3734	2095
3843	2096
1331	2097
861	2098
2562	2099
4433	2100
864	2101
842	2102
3448	2103
4072	2104
2805	2105
3315	2106
2150	2107
1012	2108
2925	2109
246	2110
1345	2111
3469	2112
4244	2113
2156	2114
1604	2115
5026	2116
1959	2117
4642	2118
3107	2119
5084	2120
2786	2121
896	2122
2128	2123
2868	2124
2146	2125
1340	2126
2662	2127
158	2128
1803	2129
4011	2130
2127	2131
1749	2132
topic_5	2133
3563	2134
780	2135
3182	2136
3082	2137
196	2138
4521	2139
3069	2140
2634	2141
170	2142
1701	2143
1202	2144
684	2145
3696	2146
84	2147
952	2148
1169	2149
2445	2150
2836	2151
5239	2152
3596	2153
4987	2154
3991	2155
4524	2156
3669	2157
1579	2158
3608	2159
4117	2160
2240	2161
3509	2162
1446	2163
922	2164
2109	2165
4773	2166
5081	2167
1053	2168
4799	2169
4889	2170
1038	2171
4207	2172
2023	2173
topic_0	2174
2937	2175
3552	2176
3328	2177
1249	2178
915	2179
3312	2180
5130	2181
314	2182
3454	2183
623	2184
1649	2185
3259	2186
3849	2187
643	2188
2992	2189
2512	2190
4475	2191
1545	2192
1931	2193
769	2194
902	2195
4306	2196
4948	2197
4196	2198
4674	2199
4591	2200
1125	2201
2453	2202
816	2203
2395	2204
4866	2205
4896	2206
5206	2207
1300	2208
450	2209
topic_12	2210
1646	2211
5153	2212
2646	2213
1464	2214
4191	2215
2408	2216
3743	2217
2945	2218
3666	2219
4528	2220
3741	2221
491	2222
1029	2223
4994	2224
5256	2225
4006	2226
4942	2227
5136	2228
1783	2229
272	2230
2187	2231
4154	2232
2276	2233
3237	2234
1822	2235
1261	2236
2837	2237
1381	2238
2159	2239
3721	2240
4146	2241
2496	2242
851	2243
3412	2244
1383	2245
1303	2246
5040	2247
1480	2248
4131	2249
3825	2250
4864	2251
4316	2252
443	2253
38	2254
1279	2255
1950	2256
3939	2257
4013	2258
879	2259
277	2260
1695	2261
3995	2262
4034	2263
5210	2264
199	2265
3389	2266
1302	2267
1102	2268
3007	2269
3955	2270
4399	2271
1130	2272
5282	2273
1214	2274
2888	2275
4506	2276
5097	2277
2976	2278
3093	2279
459	2280
3117	2281
1967	2282
1217	2283
1784	2284
1863	2285
2958	2286
2170	2287
1325	2288
385	2289
4909	2290
4832	2291
4541	2292
276	2293
4804	2294
603	2295
1243	2296
1058	2297
1083	2298
1033	2299
3376	2300
1442	2301
4031	2302
1280	2303
3149	2304
2609	2305
1924	2306
392	2307
2344	2308
4228	2309
1939	2310
4772	2311
2317	2312
602	2313
topic_6	2314
3489	2315
48	2316
2006	2317
2711	2318
5158	2319
335	2320
1224	2321
147	2322
1157	2323
252	2324
2040	2325
4726	2326
3375	2327
1401	2328
26	2329
3466	2330
1936	2331
3898	2332
1118	2333
1391	2334
658	2335
1443	2336
4469	2337
2151	2338
4015	2339
3702	2340
4880	2341
1432	2342
1006	2343
3801	2344
265	2345
513	2346
724	2347
1956	2348
4749	2349
5094	2350
625	2351
3966	2352
2745	2353
2488	2354
1490	2355
1510	2356
5233	2357
1921	2358
3227	2359
1502	2360
247	2361
2307	2362
3161	2363
1095	2364
3902	2365
4123	2366
481	2367
3	2368
1450	2369
795	2370
2167	2371
4542	2372
1934	2373
2427	2374
295	2375
1927	2376
4202	2377
5271	2378
2355	2379
3600	2380
2697	2381
132	2382
4584	2383
5058	2384
5192	2385
3036	2386
804	2387
1396	2388
5224	2389
1514	2390
2380	2391
1397	2392
47	2393
2272	2394
4511	2395
4483	2396
3256	2397
630	2398
2132	2399
3858	2400
3322	2401
4608	2402
843	2403
4949	2404
773	2405
315	2406
2905	2407
4080	2408
4390	2409
1903	2410
1297	2411
49	2412
5006	2413
4865	2414
4264	2415
2531	2416
810	2417
2326	2418
3717	2419
2569	2420
1022	2421
3247	2422
1030	2423
3156	2424
146	2425
344	2426
5195	2427
2602	2428
2558	2429
3229	2430
508	2431
716	2432
2608	2433
691	2434
4077	2435
883	2436
3575	2437
675	2438
1327	2439
2275	2440
4163	2441
131	2442
4555	2443
4119	2444
573	2445
127	2446
1221	2447
2733	2448
2564	2449
3535	2450
938	2451
4623	2452
860	2453
2115	2454
5165	2455
2825	2456
987	2457
933	2458
1366	2459
2926	2460
4045	2461
165	2462
173	2463
5207	2464
Bipolar_disorder	2465
3371	2466
1758	2467
316	2468
3120	2469
4738	2470
3390	2471
2094	2472
1364	2473
737	2474
4803	2475
2309	2476
1488	2477
2312	2478
4380	2479
1485	2480
2075	2481
499	2482
3400	2483
2620	2484
4075	2485
2940	2486
3708	2487
4489	2488
3907	2489
3119	2490
1467	2491
3111	2492
2630	2493
937	2494
3289	2495
2472	2496
1212	2497
4540	2498
248	2499
4144	2500
2987	2501
2594	2502
2768	2503
2522	2504
4307	2505
4274	2506
2459	2507
1729	2508
4395	2509
4898	2510
3394	2511
2201	2512
144	2513
893	2514
1328	2515
4219	2516
3803	2517
1150	2518
1064	2519
4375	2520
444	2521
3980	2522
1989	2523
3989	2524
3112	2525
755	2526
2579	2527
2615	2528
5219	2529
181	2530
2415	2531
3871	2532
2739	2533
3240	2534
3195	2535
4044	2536
4596	2537
4951	2538
544	2539
3756	2540
1964	2541
791	2542
2056	2543
3906	2544
622	2545
3786	2546
176	2547
1583	2548
415	2549
3633	2550
2257	2551
3965	2552
4473	2553
1142	2554
4502	2555
3246	2556
3072	2557
226	2558
1460	2559
2538	2560
3420	2561
3994	2562
1920	2563
286	2564
1395	2565
561	2566
2086	2567
4943	2568
4768	2569
5248	2570
1715	2571
4437	2572
3760	2573
337	2574
2641	2575
3922	2576
2917	2577
2004	2578
890	2579
1623	2580
2186	2581
767	2582
4702	2583
4706	2584
1369	2585
523	2586
1755	2587
2635	2588
1296	2589
4914	2590
3145	2591
5018	2592
928	2593
4381	2594
825	2595
4952	2596
5188	2597
1410	2598
509	2599
2952	2600
3709	2601
1335	2602
4526	2603
1720	2604
1700	2605
4239	2606
4795	2607
699	2608
3482	2609
4669	2610
3679	2611
35	2612
1301	2613
4902	2614
1933	2615
2672	2616
4775	2617
2723	2618
3378	2619
3705	2620
2991	2621
3863	2622
4695	2623
4625	2624
1760	2625
2950	2626
1199	2627
2627	2628
2041	2629
2663	2630
3013	2631
5131	2632
1209	2633
4892	2634
2832	2635
2456	2636
3153	2637
4883	2638
3154	2639
3063	2640
386	2641
159	2642
4417	2643
3185	2644
1016	2645
4586	2646
2435	2647
2552	2648
100	2649
5107	2650
3688	2651
4946	2652
403	2653
1099	2654
1712	2655
3978	2656
4719	2657
1357	2658
1541	2659
4781	2660
2108	2661
4518	2662
1734	2663
818	2664
194	2665
3621	2666
4530	2667
93	2668
2747	2669
3710	2670
2898	2671
1663	2672
2106	2673
1615	2674
4557	2675
1367	2676
4982	2677
3536	2678
3547	2679
1512	2680
1456	2681
4610	2682
4925	2683
2525	2684
5071	2685
2799	2686
1347	2687
1273	2688
2715	2689
4309	2690
2784	2691
5218	2692
3065	2693
1797	2694
214	2695
393	2696
3548	2697
2450	2698
2942	2699
637	2700
1751	2701
3527	2702
2614	2703
1466	2704
4010	2705
2016	2706
1901	2707
3268	2708
3587	2709
2213	2710
2190	2711
641	2712
114	2713
4675	2714
3963	2715
1961	2716
1656	2717
4361	2718
4855	2719
1492	2720
1106	2721
1693	2722
2504	2723
2979	2724
5028	2725
2300	2726
1074	2727
1105	2728
2616	2729
3098	2730
3295	2731
5236	2732
3654	2733
4314	2734
275	2735
1151	2736
665	2737
2913	2738
1951	2739
2228	2740
457	2741
2965	2742
4434	2743
2989	2744
4133	2745
849	2746
913	2747
1091	2748
4534	2749
1587	2750
761	2751
3215	2752
722	2753
5268	2754
1699	2755
1771	2756
3070	2757
1757	2758
1855	2759
3844	2760
1376	2761
4101	2762
3142	2763
1544	2764
3556	2765
1791	2766
683	2767
4029	2768
2781	2769
3781	2770
2387	2771
1638	2772
102	2773
1894	2774
524	2775
1346	2776
3122	2777
3162	2778
1438	2779
180	2780
4790	2781
4328	2782
1282	2783
3584	2784
4136	2785
618	2786
3429	2787
2406	2788
3498	2789
3933	2790
3609	2791
2826	2792
2915	2793
2565	2794
2515	2795
1691	2796
32	2797
3896	2798
1171	2799
501	2800
4325	2801
1491	2802
4348	2803
3715	2804
494	2805
138	2806
1043	2807
1121	2808
1049	2809
3606	2810
215	2811
1721	2812
445	2813
1668	2814
629	2815
496	2816
3321	2817
3309	2818
1047	2819
2172	2820
4074	2821
587	2822
5089	2823
1256	2824
4926	2825
2677	2826
2838	2827
3453	2828
4134	2829
4678	2830
1627	2831
606	2832
3897	2833
149	2834
59	2835
4599	2836
701	2837
2345	2838
4039	2839
3102	2840
4383	2841
2138	2842
4255	2843
1511	2844
3286	2845
1592	2846
733	2847
4531	2848
1034	2849
280	2850
2505	2851
2519	2852
2248	2853
2866	2854
2014	2855
1161	2856
2113	2857
1697	2858
4918	2859
2687	2860
2692	2861
4452	2862
2821	2863
528	2864
256	2865
4349	2866
4549	2867
1568	2868
2422	2869
1281	2870
1132	2871
1135	2872
2577	2873
3317	2874
4165	2875
2785	2876
4644	2877
3784	2878
3735	2879
2262	2880
1371	2881
453	2882
1426	2883
3673	2884
1206	2885
2013	2886
4998	2887
263	2888
2939	2889
399	2890
446	2891
2978	2892
4859	2893
3992	2894
3938	2895
3607	2896
4945	2897
3461	2898
2322	2899
2518	2900
3318	2901
142	2902
2204	2903
3097	2904
187	2905
4267	2906
748	2907
2340	2908
4802	2909
4730	2910
4087	2911
3830	2912
3500	2913
5051	2914
3852	2915
4723	2916
1255	2917
351	2918
1662	2919
2426	2920
3769	2921
1811	2922
959	2923
4904	2924
4302	2925
4757	2926
3823	2927
4620	2928
3327	2929
4629	2930
1852	2931
609	2932
3029	2933
1937	2934
2643	2935
1377	2936
2767	2937
839	2938
4231	2939
503	2940
304	2941
414	2942
349	2943
4172	2944
141	2945
5019	2946
4494	2947
2688	2948
223	2949
3518	2950
788	2951
2278	2952
5148	2953
1707	2954
4085	2955
781	2956
357	2957
2043	2958
3959	2959
3979	2960
2755	2961
876	2962
3905	2963
1578	2964
4573	2965
1947	2966
1126	2967
231	2968
3005	2969
2411	2970
4959	2971
3617	2972
579	2973
4397	2974
827	2975
3002	2976
824	2977
2378	2978
3028	2979
2033	2980
3499	2981
3085	2982
3504	2983
1815	2984
1833	2985
2191	2986
5237	2987
2851	2988
133	2989
1290	2990
390	2991
1309	2992
3121	2993
19	2994
136	2995
2416	2996
5052	2997
2533	2998
4867	2999
1425	3000
4944	3001
2011	3002
4840	3003
4462	3004
1293	3005
1653	3006
198	3007
3533	3008
67	3009
1589	3010
1776	3011
4976	3012
2924	3013
270	3014
3689	3015
619	3016
3663	3017
319	3018
2563	3019
2311	3020
5092	3021
3169	3022
topic_11	3023
941	3024
2314	3025
429	3026
3642	3027
717	3028
2198	3029
510	3030
581	3031
1576	3032
3775	3033
958	3034
1556	3035
236	3036
1084	3037
571	3038
983	3039
1711	3040
1926	3041
4714	3042
4389	3043
4193	3044
4303	3045
5228	3046
621	3047
2206	3048
5172	3049
1060	3050
4857	3051
1448	3052
3025	3053
1694	3054
3554	3055
2560	3056
4373	3057
4130	3058
2238	3059
2320	3060
476	3061
1968	3062
4070	3063
5104	3064
2823	3065
2018	3066
350	3067
798	3068
1709	3069
2205	3070
3545	3071
4660	3072
96	3073
88	3074
1292	3075
1992	3076
2741	3077
1591	3078
22	3079
2385	3080
971	3081
377	3082
638	3083
5123	3084
1026	3085
2763	3086
3762	3087
4667	3088
4537	3089
327	3090
3764	3091
522	3092
2400	3093
3675	3094
2916	3095
1379	3096
1946	3097
2571	3098
1905	3099
488	3100
1971	3101
5079	3102
4796	3103
5222	3104
1468	3105
1146	3106
3864	3107
4651	3108
200	3109
3937	3110
4059	3111
topic_10	3112
2028	3113
3089	3114
3208	3115
3197	3116
743	3117
4853	3118
3083	3119
1439	3120
1484	3121
5065	3122
1914	3123
2361	3124
1070	3125
3021	3126
2330	3127
3044	3128
2173	3129
259	3130
1973	3131
2589	3132
1534	3133
2310	3134
122	3135
3014	3136
1800	3137
5156	3138
4737	3139
2966	3140
34	3141
5161	3142
2460	3143
1286	3144
1806	3145
613	3146
4089	3147
2101	3148
2293	3149
2897	3150
4993	3151
555	3152
1809	3153
2993	3154
1004	3155
4765	3156
1228	3157
2196	3158
2331	3159
885	3160
3343	3161
3767	3162
4024	3163
4611	3164
2500	3165
793	3166
2053	3167
3973	3168
2622	3169
3413	3170
2559	3171
1501	3172
4606	3173
328	3174
2268	3175
4180	3176
3330	3177
3925	3178
3233	3179
4900	3180
4932	3181
401	3182
397	3183
243	3184
3252	3185
2743	3186
24	3187
1246	3188
4252	3189
1028	3190
289	3191
1262	3192
5072	3193
3529	3194
4750	3195
2433	3196
4815	3197
1902	3198
989	3199
1782	3200
278	3201
4582	3202
710	3203
2954	3204
3141	3205
727	3206
2397	3207
3123	3208
3216	3209
4724	3210
4374	3211
1660	3212
368	3213
5227	3214
2179	3215
5115	3216
75	3217
227	3218
312	3219
4672	3220
751	3221
2856	3222
3080	3223
648	3224
789	3225
3848	3226
5088	3227
2143	3228
4051	3229
768	3230
673	3231
5144	3232
3187	3233
2648	3234
3262	3235
5023	3236
2021	3237
5264	3238
3124	3239
3730	3240
4188	3241
5100	3242
4454	3243
2704	3244
840	3245
4016	3246
137	3247
2872	3248
3597	3249
953	3250
3804	3251
5021	3252
1572	3253
1743	3254
105	3255
1223	3256
1044	3257
1610	3258
2334	3259
2481	3260
29	3261
1523	3262
1308	3263
2861	3264
4365	3265
2243	3266
4600	3267
3525	3268
3999	3269
46	3270
3155	3271
3683	3272
4598	3273
3576	3274
3078	3275
478	3276
2348	3277
4311	3278
814	3279
1272	3280
1847	3281
1786	3282
2009	3283
150	3284
3652	3285
2968	3286
647	3287
3614	3288
661	3289
1229	3290
4416	3291
4492	3292
766	3293
3300	3294
4251	3295
5025	3296
5050	3297
655	3298
23	3299
4398	3300
2613	3301
874	3302
4525	3303
1452	3304
1159	3305
4177	3306
927	3307
3159	3308
2696	3309
1430	3310
1897	3311
644	3312
2098	3313
487	3314
1854	3315
1825	3316
2513	3317
726	3318
2223	3319
4779	3320
5031	3321
815	3322
2880	3323
1031	3324
4158	3325
2070	3326
384	3327
3306	3328
1605	3329
5098	3330
2048	3331
1505	3332
3782	3333
901	3334
4700	3335
308	3336
1176	3337
241	3338
1664	3339
3386	3340
3680	3341
3759	3342
30	3343
2130	3344
3022	3345
234	3346
3628	3347
340	3348
4472	3349
653	3350
2377	3351
5272	3352
4496	3353
2572	3354
2059	3355
3501	3356
4968	3357
2049	3358
1187	3359
2085	3360
4048	3361
4139	3362
4425	3363
3630	3364
274	3365
1978	3366
3878	3367
411	3368
1704	3369
2470	3370
306	3371
369	3372
757	3373
1748	3374
311	3375
1113	3376
1412	3377
4647	3378
4064	3379
124	3380
3816	3381
1865	3382
17	3383
2974	3384
2458	3385
908	3386
2862	3387
3158	3388
584	3389
759	3390
166	3391
1761	3392
965	3393
5037	3394
4478	3395
1131	3396
2846	3397
591	3398
326	3399
4882	3400
5134	3401
1818	3402
4891	3403
2225	3404
2667	3405
51	3406
431	3407
3862	3408
3364	3409
348	3410
5255	3411
3833	3412
850	3413
2404	3414
3828	3415
2383	3416
4871	3417
2779	3418
1864	3419
5186	3420
3174	3421
686	3422
3432	3423
2082	3424
5159	3425
3789	3426
4624	3427
334	3428
2951	3429
3088	3430
2428	3431
2970	3432
4113	3433
4210	3434
192	3435
3100	3436
855	3437
1	3438
2017	3439
3270	3440
3260	3441
3690	3442
4090	3443
3634	3444
3421	3445
3565	3446
4923	3447
2221	3448
2542	3449
3778	3450
140	3451
2844	3452
3998	3453
2308	3454
3766	3455
1114	3456
topic_13	3457
981	3458
3006	3459
2177	3460
3573	3461
1436	3462
5263	3463
3301	3464
714	3465
5110	3466
365	3467
2682	3468
1813	3469
1843	3470
2750	3471
407	3472
3541	3473
2758	3474
3341	3475
3359	3476
3481	3477
2253	3478
1593	3479
4990	3480
447	3481
434	3482
1893	3483
808	3484
4094	3485
5200	3486
1754	3487
2834	3488
4009	3489
2216	3490
1457	3491
3032	3492
1230	3493
3629	3494
2158	3495
372	3496
432	3497
4448	3498
4536	3499
3385	3500
4532	3501
2229	3502
3674	3503
3958	3504
3687	3505
4055	3506
1872	3507
4716	3508
5057	3509
370	3510
42	3511
3806	3512
4226	3513
4938	3514
1078	3515
4001	3516
2528	3517
2298	3518
2801	3519
4282	3520
2999	3521
889	3522
3790	3523
758	3524
2724	3525
3324	3526
1339	3527
2701	3528
585	3529
1067	3530
2386	3531
1368	3532
2249	3533
4435	3534
2069	3535
2474	3536
3528	3537
3261	3538
697	3539
934	3540
2412	3541
511	3542
3507	3543
600	3544
626	3545
4499	3546
4950	3547
4292	3548
191	3549
240	3550
2610	3551
1050	3552
5005	3553
331	3554
536	3555
3047	3556
3206	3557
2220	3558
5281	3559
891	3560
2998	3561
2180	3562
2707	3563
664	3564
1862	3565
2879	3566
4622	3567
2135	3568
143	3569
719	3570
4583	3571
1431	3572
4989	3573
254	3574
4351	3575
3658	3576
4966	3577
5032	3578
1009	3579
2532	3580
4711	3581
4297	3582
4974	3583
4881	3584
652	3585
245	3586
1394	3587
2370	3588
4562	3589
3395	3590
3927	3591
5246	3592
2883	3593
4352	3594
2210	3595
4988	3596
1622	3597
2881	3598
4376	3599
794	3600
1713	3601
5251	3602
2222	3603
3839	3604
1566	3605
3131	3606
559	3607
3693	3608
4812	3609
257	3610
3355	3611
2725	3612
4	3613
771	3614
5208	3615
1254	3616
1970	3617
5174	3618
4315	3619
4400	3620
16	3621
2209	3622
3577	3623
1609	3624
3033	3625
2084	3626
5220	3627
1334	3628
4268	3629
3653	3630
4849	3631
3821	3632
2357	3633
962	3634
519	3635
2790	3636
597	3637
3718	3638
242	3639
4062	3640
2673	3641
2163	3642
2749	3643
711	3644
4378	3645
273	3646
3290	3647
267	3648
3071	3649
1257	3650
2859	3651
4160	3652
4671	3653
3885	3654
1861	3655
1073	3656
1953	3657
1518	3658
2943	3659
1005	3660
2434	3661
1152	3662
812	3663
394	3664
3940	3665
886	3666
2980	3667
3890	3668
2604	3669
4360	3670
1000	3671
244	3672
2809	3673
3157	3674
4343	3675
5260	3676
1590	3677
3928	3678
2593	3679
115	3680
2566	3681
5209	3682
969	3683
1237	3684
2090	3685
4223	3686
2493	3687
5145	3688
995	3689
268	3690
651	3691
2026	3692
493	3693
3746	3694
2482	3695
3641	3696
426	3697
979	3698
2398	3699
2716	3700
2882	3701
2652	3702
3975	3703
2264	3704
4786	3705
4052	3706
4860	3707
101	3708
1180	3709
4179	3710
3287	3711
1096	3712
4983	3713
53	3714
558	3715
5249	3716
3398	3717
4135	3718
1584	3719
3732	3720
4156	3721
1277	3722
216	3723
2342	3724
2489	3725
3543	3726
2035	3727
3257	3728
3419	3729
2508	3730
3692	3731
863	3732
4741	3733
4735	3734
1068	3735
1952	3736
3520	3737
2584	3738
4688	3739
4767	3740
4963	3741
3365	3742
5199	3743
3308	3744
2815	3745
2497	3746
2166	3747
2233	3748
1677	3749
2478	3750
4096	3751
723	3752
174	3753
3740	3754
3920	3755
2541	3756
4127	3757
1314	3758
4025	3759
4844	3760
343	3761
1251	3762
4386	3763
2373	3764
4155	3765
424	3766
129	3767
649	3768
3011	3769
1138	3770
5231	3771
1998	3772
4235	3773
549	3774
4036	3775
2207	3776
3138	3777
1685	3778
1349	3779
657	3780
376	3781
5205	3782
4116	3783
1690	3784
4687	3785
4329	3786
628	3787
1428	3788
313	3789
3127	3790
483	3791
2339	3792
2902	3793
4721	3794
3226	3795
674	3796
2783	3797
9	3798
4324	3799
3941	3800
1299	3801
3465	3802
1170	3803
206	3804
3115	3805
2360	3806
3716	3807
3747	3808
5146	3809
5124	3810
3521	3811
2202	3812
841	3813
1669	3814
1387	3815
1086	3816
2649	3817
4372	3818
4490	3819
2684	3820
2694	3821
3914	3822
83	3823
4222	3824
1857	3825
3651	3826
5138	3827
1503	3828
3316	3829
1185	3830
666	3831
3470	3832
775	3833
2286	3834
Audrey_Hepburn	3835
2277	3836
1433	3837
2850	3838
249	3839
3221	3840
456	3841
3682	3842
4336	3843
1752	3844
4996	3845
2148	3846
852	3847
2288	3848
2953	3849
207	3850
707	3851
4047	3852
1585	3853
65	3854
4854	3855
2346	3856
1769	3857
5247	3858
2134	3859
4335	3860
514	3861
1127	3862
74	3863
1962	3864
2227	3865
2947	3866
4550	3867
881	3868
5033	3869
3519	3870
4288	3871
324	3872
2969	3873
2995	3874
3776	3875
2946	3876
4547	3877
4681	3878
3017	3879
1079	3880
778	3881
4377	3882
400	3883
4797	3884
4230	3885
4124	3886
1542	3887
1315	3888
1337	3889
484	3890
3077	3891
1910	3892
832	3893
4091	3894
1570	3895
130	3896
572	3897
4657	3898
1069	3899
184	3900
834	3901
1692	3902
2289	3903
554	3904
4740	3905
1728	3906
3245	3907
3034	3908
4175	3909
1370	3910
4972	3911
2956	3912
829	3913
5047	3914
4661	3915
2852	3916
2214	3917
729	3918
857	3919
2637	3920
4097	3921
4567	3922
20	3923
2820	3924
4868	3925
1736	3926
3508	3927
1654	3928
2870	3929
467	3930
774	3931
1380	3932
5217	3933
3415	3934
52	3935
4640	3936
1647	3937
1317	3938
1723	3939
2038	3940
5029	3941
2020	3942
4203	3943
2368	3944
4500	3945
329	3946
917	3947
3659	3948
5116	3949
3549	3950
4752	3951
1819	3952
1899	3953
4192	3954
4631	3955
3837	3956
566	3957
4911	3958
56	3959
1017	3960
4137	3961
667	3962
4002	3963
5102	3964
346	3965
4977	3966
4513	3967
3181	3968
4715	3969
3672	3970
2126	3971
4656	3972
4965	3973
3396	3974
4245	3975
2890	3976
3019	3977
3929	3978
4407	3979
3646	3980
4763	3981
5211	3982
297	3983
2236	3984
830	3985
455	3986
317	3987
1574	3988
4633	3989
3582	3990
433	3991
3562	3992
4510	3993
435	3994
4830	3995
2403	3996
1851	3997
139	3998
2116	3999
4971	4000
3739	4001
4960	4002
10	4003
366	4004
2777	4005
2780	4006
918	4007
2618	4008
731	4009
3283	4010
2178	4011
2606	4012
1600	4013
1739	4014
3467	4015
3001	4016
4465	4017
1470	4018
2509	4019
3310	4020
1546	4021
2480	4022
3684	4023
4704	4024
1626	4025
911	4026
361	4027
1194	4028
3387	4029
1222	4030
4420	4031
4443	4032
4103	4033
4063	4034
1883	4035
3294	4036
5066	4037
1918	4038
520	4039
4872	4040
5168	4041
1445	4042
4947	4043
4204	4044
4108	4045
3357	4046
1858	4047
5152	4048
2938	4049
3176	4050
1552	4051
4364	4052
3031	4053
3243	4054
4666	4055
582	4056
204	4057
3794	4058
3297	4059
4940	4060
2955	4061
1731	4062
4320	4063
4650	4064
2325	4065
2454	4066
2036	4067
3090	4068
1021	4069
5119	4070
1520	4071
2568	4072
4862	4073
3649	4074
2335	4075
3900	4076
4827	4077
2430	4078
5082	4079
2429	4080
859	4081
92	4082
4652	4083
1747	4084
378	4085
406	4086
2341	4087
2526	4088
3815	4089
1239	4090
4626	4091
734	4092
2490	4093
topic_8	4094
3456	4095
3564	4096
1124	4097
5196	4098
712	4099
944	4100
14	4101
1035	4102
1318	4103
4269	4104
5056	4105
1320	4106
3139	4107
3779	4108
4789	4109
1543	4110
1814	4111
4736	4112
2671	4113
2449	4114
3819	4115
419	4116
2828	4117
799	4118
1603	4119
210	4120
157	4121
4296	4122
4449	4123
228	4124
4777	4125
2263	4126
3023	4127
27	4128
3798	4129
4266	4130
2842	4131
1322	4132
3503	4133
1179	4134
1867	4135
5191	4136
2731	4137
1763	4138
2071	4139
4845	4140
4910	4141
1766	4142
4430	4143
3458	4144
805	4145
2523	4146
219	4147
423	4148
2425	4149
3706	4150
4743	4151
2655	4152
2689	4153
479	4154
1536	4155
3487	4156
4422	4157
404	4158
3926	4159
3236	4160
1628	4161
4727	4162
120	4163
595	4164
5078	4165
1415	4166
2721	4167
5075	4168
777	4169
1018	4170
3435	4171
3712	4172
3881	4173
527	4174
3304	4175
1120	4176
2280	4177
3761	4178
4956	4179
5121	4180
3004	4181
5008	4182
1283	4183
4783	4184
3484	4185
4238	4186
1875	4187
2603	4188
2492	4189
3942	4190
838	4191
2752	4192
391	4193
197	4194
668	4195
5189	4196
790	4197
2231	4198
468	4199
1498	4200
3557	4201
1896	4202
745	4203
1941	4204
5261	4205
3590	4206
3665	4207
817	4208
3616	4209
2841	4210
3347	4211
998	4212
1650	4213
4934	4214
3146	4215
1100	4216
2807	4217
3930	4218
3750	4219
1107	4220
3948	4221
3417	4222
2391	4223
1601	4224
5109	4225
4559	4226
3116	4227
2674	4228
1051	4229
1269	4230
309	4231
4260	4232
2867	4233
260	4234
2795	4235
4824	4236
2699	4237
837	4238
1614	4239
3190	4240
1888	4241
5171	4242
4664	4243
2773	4244
1108	4245
3043	4246
298	4247
2139	4248
2756	4249
60	4250
2983	4251
912	4252
4529	4253
5068	4254
968	4255
689	4256
1429	4257
1233	4258
300	4259
2141	4260
4645	4261
3592	4262
323	4263
1594	4264
1509	4265
2933	4266
949	4267
4699	4268
5046	4269
2353	4270
topic_1	4271
3620	4272
967	4273
646	4274
1323	4275
897	4276
4523	4277
33	4278
1885	4279
4676	4280
320	4281
2446	4282
5049	4283
2441	4284
2619	4285
3202	4286
3444	4287
4690	4288
976	4289
3571	4290
4762	4291
1238	4292
5093	4293
466	4294
2644	4295
480	4296
163	4297
3877	4298
1795	4299
1344	4300
2473	4301
2502	4302
3258	4303
1982	4304
1679	4305
3856	4306
1999	4307
2164	4308
654	4309
3273	4310
1954	4311
4474	4312
1558	4313
2301	4314
565	4315
1330	4316
1358	4317
1588	4318
3368	4319
3910	4320
2273	4321
5275	4322
3232	4323
5011	4324
1836	4325
4436	4326
40	4327
1617	4328
1055	4329
548	4330
1404	4331
2112	4332
5225	4333
615	4334
464	4335
3340	4336
1112	4337
3205	4338
3228	4339
770	4340
3201	4341
3326	4342
3471	4343
1965	4344
4030	4345
1101	4346
2964	4347
3510	4348
4195	4349
3523	4350
2226	4351
5215	4352
2878	4353
4826	4354
1827	4355
1167	4356
903	4357
1705	4358
63	4359
3084	4360
656	4361
1024	4362
4218	4363
2165	4364
50	4365
607	4366
2586	4367
3553	4368
1336	4369
1474	4370
3106	4371
3647	4372
1527	4373
2914	4374
4346	4375
4806	4376
1059	4377
482	4378
2438	4379
2365	4380
4890	4381
410	4382
1620	4383
2501	4384
4157	4385
3796	4386
4939	4387
2030	4388
3797	4389
3362	4390
682	4391
topic_9	4392
4619	4393
1577	4394
469	4395
3851	4396
396	4397
605	4398
931	4399
1471	4400
4102	4401
3662	4402
704	4403
118	4404
5034	4405
1767	4406
624	4407
3615	4408
856	4409
887	4410
4004	4411
4313	4412
756	4413
1745	4414
1421	4415
2736	4416
4088	4417
1260	4418
2155	4419
642	4420
3264	4421
4456	4422
702	4423
3971	4424
4659	4425
1538	4426
807	4427
3517	4428
4169	4429
1887	4430
4466	4431
926	4432
12	4433
1054	4434
54	4435
4261	4436
3068	4437
4709	4438
2906	4439
2321	4440
3186	4441
2633	4442
1306	4443
762	4444
4828	4445
3177	4446
3399	4447
2744	4448
5117	4449
3483	4450
4936	4451
2147	4452
4317	4453
4362	4454
2592	4455
1232	4456
1666	4457
2709	4458
3248	4459
363	4460
1268	4461
923	4462
1145	4463
5	4464
3478	4465
3831	4466
4406	4467
2830	4468
1923	4469
1188	4470
1561	4471
2766	4472
1481	4473
1469	4474
2024	4475
4248	4476
4846	4477
3433	4478
332	4479
821	4480
905	4481
3134	4482
703	4483
1449	4484
601	4485
4649	4486
5243	4487
4941	4488
956	4489
1774	4490
4428	4491
1732	4492
895	4493
4392	4494
5257	4495
2808	4496
4018	4497
338	4498
342	4499
4662	4500
1110	4501
4003	4502
1291	4503
203	4504
262	4505
1414	4506
1900	4507
3807	4508
5139	4509
1839	4510
1411	4511
5015	4512
1730	4513
1173	4514
1116	4515
823	4516
3867	4517
4176	4518
1560	4519
873	4520
1975	4521
1365	4522
942	4523
4816	4524
4732	4525
4916	4526
103	4527
2529	4528
2776	4529
2192	4530
4464	4531
495	4532
1147	4533
2405	4534
3917	4535
1427	4536
2787	4537
5244	4538
1881	4539
3559	4540
2218	4541
209	4542
502	4543
3677	4544
5111	4545
1582	4546
2621	4547
1164	4548
2911	4549
3873	4550
3281	4551
608	4552
1298	4553
2364	4554
1838	4555
2757	4556
5086	4557
2770	4558
1611	4559
1765	4560
1259	4561
2102	4562
3537	4563
155	4564
1405	4565
4455	4566
451	4567
2669	4568
5252	4569
4253	4570
687	4571
2670	4572
1683	4573
1801	4574
3361	4575
1948	4576
2271	4577
2557	4578
1674	4579
3211	4580
4403	4581
966	4582
975	4583
5035	4584
3096	4585
3255	4586
1321	4587
4138	4588
413	4589
3534	4590
2420	4591
521	4592
1909	4593
3039	4594
3593	4595
303	4596
1061	4597
3414	4598
177	4599
506	4600
516	4601
3810	4602
4470	4603
3323	4604
2884	4605
2506	4606
3081	4607
5232	4608
696	4609
620	4610
2199	4611
3276	4612
5151	4613
4082	4614
2120	4615
5216	4616
2690	4617
1225	4618
3336	4619
104	4620
1137	4621
3921	4622
531	4623
2183	4624
3493	4625
3613	4626
2042	4627
963	4628
1351	4629
1979	4630
4594	4631
2658	4632
4256	4633
4258	4634
5269	4635
224	4636
744	4637
3263	4638
3987	4639
3855	4640
3422	4641
3067	4642
3468	4643
2833	4644
186	4645
3626	4646
3947	4647
449	4648
1725	4649
2628	4650
2145	4651
2197	4652
2374	4653
2414	4654
44	4655
4838	4656
1098	4657
4698	4658
4095	4659
3143	4660
2769	4661
2920	4662
4368	4663
539	4664
1640	4665
3570	4666
2900	4667
3745	4668
5022	4669
4814	4670
208	4671
1702	4672
239	4673
3868	4674
575	4675
4563	4676
3350	4677
5181	4678
1333	4679
2631	4680
1252	4681
1507	4682
715	4683
2443	4684
4497	4685
4069	4686
4576	4687
4617	4688
4043	4689
2044	4690
3148	4691
2244	4692
4189	4693
2517	4694
3397	4695
153	4696
1972	4697
1957	4698
693	4699
730	4700
3189	4701
2303	4702
2260	4703
4164	4704
4242	4705
940	4706
2698	4707
1071	4708
183	4709
530	4710
553	4711
4221	4712
3241	4713
3302	4714
4170	4715
2664	4716
3477	4717
2812	4718
1482	4719
4673	4720
1719	4721
4142	4722
2352	4723
2587	4724
1724	4725
3961	4726
681	4727
172	4728
2814	4729
3970	4730
5157	4731
2904	4732
2540	4733
1374	4734
2350	4735
2463	4736
3345	4737
5213	4738
3879	4739
4323	4740
213	4741
4848	4742
2718	4743
4887	4744
2137	4745
3066	4746
3108	4747
3253	4748
4243	4749
347	4750
2722	4751
486	4752
3934	4753
3866	4754
4903	4755
4728	4756
3384	4757
3589	4758
2079	4759
4879	4760
1607	4761
7	4762
2424	4763
3768	4764
217	4765
4414	4766
3224	4767
3293	4768
3531	4769
1878	4770
5053	4771
3267	4772
1840	4773
3625	4774
4098	4775
4099	4776
1324	4777
2261	4778
4330	4779
1056	4780
5133	4781
617	4782
2629	4783
1313	4784
819	4785
2665	4786
2967	4787
2292	4788
4684	4789
706	4790
4184	4791
2062	4792
4212	4793
3447	4794
1186	4795
1483	4796
589	4797
4601	4798
1360	4799
3532	4800
4071	4801
3144	4802
4885	4803
3271	4804
4962	4805
4589	4806
943	4807
984	4808
2476	4809
1207	4810
3346	4811
4068	4812
5007	4813
3809	4814
4746	4815
3540	4816
4875	4817
1735	4818
2034	4819
121	4820
31	4821
1804	4822
2561	4823
5169	4824
3604	4825
2601	4826
4734	4827
3645	4828
439	4829
3703	4830
2503	4831
5276	4832
4646	4833
3561	4834
4259	4835
4552	4836
906	4837
4705	4838
212	4839
2125	4840
1094	4841
2691	4842
2388	4843
3079	4844
2626	4845
3016	4846
3588	4847
725	4848
2184	4849
3219	4850
2230	4851
238	4852
1532	4853
3949	4854
869	4855
3685	4856
2464	4857
1821	4858
2258	4859
4696	4860
1573	4861
1738	4862
2840	4863
4394	4864
5017	4865
1285	4866
427	4867
2175	4868
339	4869
3192	4870
4927	4871
2060	4872
4837	4873
3835	4874
3054	4875
4825	4876
1093	4877
2287	4878
1635	4879
5013	4880
1019	4881
4701	4882
1122	4883
3780	4884
2283	4885
844	4886
2399	4887
672	4888
992	4889
2295	4890
4241	4891
2710	4892
1639	4893
5185	4894
3349	4895
4839	4896
2237	4897
3403	4898
1817	4899
2329	4900
4444	4901
2764	4902
3841	4903
2182	4904
454	4905
4460	4906
2975	4907
2988	4908
4616	4909
2054	4910
3812	4911
4710	4912
2203	4913
2847	4914
5150	4915
3574	4916
156	4917
2103	4918
3105	4919
3586	4920
3637	4921
3311	4922
3996	4923
4008	4924
4570	4925
1011	4926
3352	4927
2362	4928
2934	4929
3055	4930
4141	4931
3945	4932
318	4933
1270	4934
2556	4935
1235	4936
4415	4937
2855	4938
4595	4939
4275	4940
517	4941
3430	4942
189	4943
1812	4944
4893	4945
2928	4946
2896	4947
4190	4948
4405	4949
1892	4950
2930	4951
4535	4952
1515	4953
353	4954
3834	4955
379	4956
4479	4957
3913	4958
3164	4959
473	4960
2986	4961
1575	4962
3583	4963
596	4964
1636	4965
3416	4966
3150	4967
4110	4968
1746	4969
2798	4970
4780	4971
4073	4972
2857	4973
977	4974
2001	4975
5278	4976
3095	4977
321	4978
87	4979
5221	4980
3502	4981
1906	4982
4339	4983
1020	4984
3579	4985
892	4986
1616	4987
2407	4988
3274	4989
336	4990
1305	4991
3643	4992
939	4993
2581	4994
4627	4995
4905	4996
4366	4997
5223	4998
2520	4999
4321	5000
4791	5001
2174	5002
3008	5003
2019	5004
2161	5005
5064	5006
1201	5007
1535	5008
1048	5009
588	5010
3438	5011
3678	5012
1533	5013
3799	5014
4638	5015
4211	5016
2462	5017
2052	5018
2499	5019
4792	5020
2376	5021
2015	5022
4083	5023
1215	5024
5202	5025
154	5026
4019	5027
2666	5028
2797	5029
462	5030
5091	5031
921	5032
538	5033
4800	5034
1326	5035
4970	5036
490	5037
4833	5038
5027	5039
460	5040
69	5041
302	5042
2536	5043
882	5044
5201	5045
4263	5046
4387	5047
1726	5048
2860	5049
3370	5050
82	5051
2597	5052
2932	5053
1984	5054
4784	5055
1109	5056
95	5057
858	5058
2675	5059
5178	5060
662	5061
1716	5062
2467	5063
4680	5064
3402	5065
4326	5066
13	5067
2971	5068
4289	5069
1496	5070
4426	5071
1955	5072
3736	5073
1658	5074
4693	5075
4022	5076
362	5077
3048	5078
3546	5079
1810	5080
3171	5081
713	5082
3198	5083
570	5084
4293	5085
3380	5086
5204	5087
4873	5088
5187	5089
1706	5090
2375	5091
3714	5092
4442	5093
796	5094
2728	5095
1451	5096
3957	5097
1673	5098
1362	5099
359	5100
1045	5101
676	5102
4115	5103
21	5104
4298	5105
5080	5106
2437	5107
3266	5108
2521	5109
2901	5110
2985	5111
3808	5112
4578	5113
3950	5114
994	5115
3086	5116
3568	5117
4992	5118
1687	5119
1218	5120
4240	5121
3356	5122
880	5123
3894	5124
3932	5125
4208	5126
1409	5127
3530	5128
2507	5129
512	5130
4147	5131
4482	5132
1155	5133
2358	5134
1271	5135
4463	5136
4604	5137
2550	5138
3954	5139
4295	5140
3887	5141
1895	5142
The_Smashing_Pumpkins	5143
3889	5144
79	5145
2510	5146
3783	5147
1267	5148
5048	5149
4720	5150
1521	5151
3358	5152
4278	5153
3749	5154
5170	5155
161	5156
1994	5157
3046	5158
826	5159
1141	5160
3335	5161
470	5162
117	5163
4334	5164
2611	5165
475	5166
61	5167
2083	5168
1807	5169
2877	5170
107	5171
1174	5172
2891	5173
997	5174
3305	5175
1128	5176
3888	5177
4076	5178
5267	5179
2410	5180
3595	5181
801	5182
3436	5183
1775	5184
3656	5185
4129	5186
4516	5187
2659	5188
3269	5189
4106	5190
1619	5191
3126	5192
3042	5193
5125	5194
3452	5195
1565	5196
2093	5197
2047	5198
5283	5199
4341	5200
4254	5201
1437	5202
2738	5203
3598	5204
4748	5205
3354	5206
3319	5207
1013	5208
1355	5209
1675	5210
2073	5211
3697	5212
1644	5213
2886	5214
topic_4	5215
2612	5216
3661	5217
988	5218
3405	5219
5141	5220
5254	5221
1007	5222
2096	5223
477	5224
4122	5225
3125	5226
2534	5227
3473	5228
1275	5229
802	5230
1597	5231
4140	5232
2959	5233
2285	5234
4912	5235
2919	5236
753	5237
2595	5238
1263	5239
4161	5240
4143	5241
705	5242
3488	5243
2645	5244
5203	5245
4870	5246
2349	5247
1779	5248
3457	5249
574	5250
2347	5251
3707	5252
4764	5253
698	5254
1717	5255
1703	5256
1917	5257
4342	5258
2759	5259
1057	5260
91	5261
3726	5262
2810	5263
3795	5264
2788	5265
3344	5266
4920	5267
2065	5268
3338	5269
2782	5270
2121	5271
4367	5272
1088	5273
2188	5274
2281	5275
4505	5276
2250	5277
4548	5278
1529	5279
1652	5280
4817	5281
945	5282
1631	5283
1932	5284
4439	5285
2647	5286
833	5287
1551	5288
1516	5289
599	5290
2469	5291
86	5292
5114	5293
4771	5294
3695	5295
1830	5296
1119	5297
1681	5298
1476	5299
4731	5300
3785	5301
1117	5302
1359	5303
5193	5304
383	5305
